0 0.2024456515625 0.24592391249999998 0.25815217343749997 0.2513586953125 0.292119565625 0.22961956562500002 0.3070652171875 0.2024456515625 0.305706521875 0.1603260875 0.3002717390625 0.149456521875 0.283967390625 0.131793478125 0.2663043484375 0.12228260937499999 0.2269021734375 0.11956521718749999 0.1915760875 0.1263586953125 0.1657608703125 0.1372282609375 0.1508152171875 0.1521739125 0.149456521875 0.1875 0.15625 0.211956521875 0.1725543484375 0.2309782609375 0.2024456515625 0.24592391249999998
0 0.16983695625 0.4456521734375 0.1861413046875 0.4375 0.2173913046875 0.40760869531250005 0.2336956515625 0.381793478125 0.2377717390625 0.36684782656250003 0.2336956515625 0.3111413046875 0.17663043437499998 0.283967390625 0.1467391296875 0.2866847828125 0.11413043437499999 0.315217390625 0.09103260937499999 0.3736413046875 0.0896739125 0.403532609375 0.1032608703125 0.42527173906250004 0.1399456515625 0.444293478125 0.16983695625 0.4456521734375
0 0.2826086953125 0.3913043484375 0.32608695625 0.381793478125 0.35326087031250003 0.42119565156250005 0.3627717390625 0.444293478125 0.381793478125 0.45244565156250005 0.40760869531250005 0.45244565156250005 0.4429347828125 0.4334239125 0.45516304375 0.41847826093749996 0.466032609375 0.38858695625 0.4592391296875 0.35190217343749997 0.434782609375 0.3315217390625 0.372282609375 0.32065217343749997 0.375 0.278532609375 0.35733695625 0.2513586953125 0.33423912968749997 0.2309782609375 0.305706521875 0.2241847828125 0.2798913046875 0.2350543484375 0.2513586953125 0.260869565625 0.23641304375 0.2961956515625 0.23233695625 0.33423912968749997 0.2445652171875 0.36548912968749997 0.2622282609375 0.381793478125 0.2826086953125 0.3913043484375
0 0.41847826093749996 0.3288043484375 0.4605978265625 0.3491847828125 0.4945652171875 0.33559782656250003 0.510869565625 0.3165760875 0.5271739125 0.278532609375 0.5353260875 0.2241847828125 0.5271739125 0.2038043484375 0.506793478125 0.1861413046875 0.4728260875 0.1725543484375 0.45380434843749995 0.1711956515625 0.42255434843749995 0.1834239125 0.4021739125 0.19836956562500002 0.38858695625 0.211956521875 0.3736413046875 0.25 0.3736413046875 0.28940217343749997 0.38315217343749997 0.319293478125 0.3913043484375 0.32608695625 0.41847826093749996 0.3288043484375
0 0.35326087031250003 0.23233695625 0.385869565625 0.2241847828125 0.4103260875 0.194293478125 0.4334239125 0.17934782656249998 0.444293478125 0.13586956562500002 0.40489130468749995 0.1345108703125 0.39809782656250003 0.127717390625 0.395380434375 0.1127717390625 0.395380434375 0.09375 0.4021739125 0.0788043484375 0.3804347828125 0.073369565625 0.3559782609375 0.082880434375 0.3315217390625 0.100543478125 0.3138586953125 0.1263586953125 0.3070652171875 0.1467391296875 0.3070652171875 0.180706521875 0.3165760875 0.2105978265625 0.3315217390625 0.2269021734375 0.35326087031250003 0.23233695625
0 0.26358695625 0.5298913046875 0.30434782656250003 0.510869565625 0.33559782656250003 0.48505434843749995 0.35326087031250003 0.4592391296875 0.35733695625 0.430706521875 0.350543478125 0.413043478125 0.33423912968749997 0.395380434375 0.30434782656250003 0.3872282609375 0.22282608750000002 0.4021739125 0.1929347828125 0.42527173906250004 0.17934782656249998 0.448369565625 0.17934782656249998 0.4769021734375 0.20108695625 0.5163043484375 0.23233695625 0.5298913046875 0.26358695625 0.5298913046875
0 0.17391304375 0.649456521875 0.19836956562500002 0.64266304375 0.2418478265625 0.6059782609375 0.2486413046875 0.5896739125 0.25 0.5611413046875 0.243206521875 0.54483695625 0.2065217390625 0.5163043484375 0.1929347828125 0.510869565625 0.1684782609375 0.510869565625 0.1263586953125 0.524456521875 0.1059782609375 0.5461956515625 0.09103260937499999 0.5815217390625 0.09103260937499999 0.6100543484375 0.10461956562500001 0.6304347828125 0.1399456515625 0.6480978265624999 0.17391304375 0.649456521875
0 0.301630434375 0.711956521875 0.32065217343749997 0.690217390625 0.32608695625 0.67391304375 0.32608695625 0.6413043484375 0.29076087031250003 0.6059782609375 0.2554347828125 0.600543478125 0.21875 0.618206521875 0.1970108703125 0.6413043484375 0.1861413046875 0.6644021734375001 0.1875 0.6997282609375 0.2024456515625 0.7201086953125 0.2690217390625 0.7269021734375001 0.301630434375 0.711956521875
2 0.1154891296875 0.6956521734375001 0.131793478125 0.676630434375 0.131793478125 0.6440217390625 0.11141304375000001 0.631793478125 0.0896739125 0.604619565625 0.0366847828125 0.6032608703125 0.024456521875 0.6086956515625 0.0095108703125 0.627717390625 0.010869565624999999 0.6752717390625 0.024456521875 0.7038043484375 0.09103260937499999 0.707880434375 0.1154891296875 0.6956521734375001
2 0.46875 0.11956521718749999 0.471467390625 0.06793478281250001 0.45516304375 0.0543478265625 0.4334239125 0.055706521875000005 0.403532609375 0.0788043484375 0.3940217390625 0.0923913046875 0.39266304375 0.10733695624999999 0.4021739125 0.1345108703125 0.44972826093749996 0.1290760875 0.46875 0.11956521718749999
0 0.305706521875 0.8478260875 0.3423913046875 0.8220108703125 0.354619565625 0.8002717390624999 0.3600543484375 0.774456521875 0.3586956515625 0.7554347828125 0.3383152171875 0.725543478125 0.3084239125 0.7092391296875 0.28125 0.7173913046875 0.25951087031250003 0.7404891296875 0.2445652171875 0.7717391296875 0.24728260937500002 0.8192934781250001 0.2649456515625 0.8383152171875 0.288043478125 0.8491847828125 0.305706521875 0.8478260875
0 0.45108695625 0.885869565625 0.489130434375 0.8464673906250001 0.4945652171875 0.8111413046875 0.48777173906250004 0.7798913046875 0.47010869531250005 0.7554347828125 0.45380434843749995 0.747282609375 0.4279891296875 0.7445652171875 0.399456521875 0.7554347828125 0.381793478125 0.774456521875 0.372282609375 0.801630434375 0.3736413046875 0.8586956515624999 0.3872282609375 0.8790760875 0.4021739125 0.88858695625 0.45108695625 0.885869565625
0 0.3913043484375 0.76358695625 0.457880434375 0.7350543484375 0.48233695625 0.70516304375 0.489130434375 0.6725543484375 0.44972826093749996 0.6195652171875 0.42119565156250005 0.6127717390625 0.40625 0.6154891296875 0.385869565625 0.631793478125 0.35326087031250003 0.64266304375 0.3383152171875 0.658967390625 0.3274456515625 0.6820652171875 0.32608695625 0.707880434375 0.3491847828125 0.7513586953125 0.3627717390625 0.7622282609375 0.3913043484375 0.76358695625
0 0.7486413046875 0.2540760875 0.770380434375 0.26766304375 0.7975543484375 0.26358695625 0.8288043484375001 0.24592391249999998 0.854619565625 0.20516304375 0.8532608703125 0.1779891296875 0.8396739125 0.1548913046875 0.8070652171875 0.125 0.7771739125 0.11413043437499999 0.739130434375 0.1127717390625 0.721467390625 0.118206521875 0.690217390625 0.1440217390625 0.6779891296875 0.16711956562500002 0.6793478265624999 0.1929347828125 0.6970108703125 0.22146739062499998 0.7309782609375 0.25 0.7486413046875 0.2540760875
0 0.8505434781250001 0.45516304375 0.8709239125 0.45516304375 0.8899456515624999 0.4470108703125 0.9021739125 0.4320652171875 0.9048913046875 0.403532609375 0.895380434375 0.377717390625 0.8722826093749999 0.350543478125 0.8491847828125 0.336956521875 0.8111413046875 0.32608695625 0.7894021734375001 0.3288043484375 0.770380434375 0.346467390625 0.7581521734375001 0.368206521875 0.7554347828125 0.3872282609375 0.7649456515625 0.413043478125 0.7975543484375 0.440217390625 0.8505434781250001 0.45516304375
0 0.7173913046875 0.377717390625 0.752717390625 0.3736413046875 0.78125 0.341032609375 0.7826086953125 0.292119565625 0.76766304375 0.26358695625 0.7459239125 0.2513586953125 0.729619565625 0.25 0.70108695625 0.25951087031250003 0.680706521875 0.278532609375 0.6657608703125 0.30434782656250003 0.6657608703125 0.3423913046875 0.6752717390625 0.3600543484375 0.6929347828125 0.3736413046875 0.7173913046875 0.377717390625
0 0.8152173906250001 0.573369565625 0.854619565625 0.54483695625 0.8668478265624999 0.5190217390625 0.8668478265624999 0.4945652171875 0.8423913046875 0.44972826093749996 0.823369565625 0.440217390625 0.79891304375 0.440217390625 0.7717391296875 0.448369565625 0.7513586953125 0.461956521875 0.7282608703125 0.48369565156250005 0.7024456515625 0.524456521875 0.7024456515625 0.551630434375 0.7309782609375 0.5855978265624999 0.7771739125 0.5883152171875 0.8152173906250001 0.573369565625
0 0.8220108703125 0.7309782609375 0.84375 0.7228260875 0.864130434375 0.7038043484375 0.8722826093749999 0.6861413046875 0.8709239125 0.6508152171875 0.8532608703125 0.618206521875 0.8369565218749999 0.6032608703125 0.79891304375 0.5842391296875 0.770380434375 0.582880434375 0.7554347828125 0.5883152171875 0.73641304375 0.6154891296875 0.73641304375 0.6345108703125 0.7554347828125 0.690217390625 0.78125 0.721467390625 0.8220108703125 0.7309782609375
0 0.67391304375 0.7201086953125 0.711956521875 0.70108695625 0.7336956515625 0.6793478265624999 0.7418478265624999 0.65625 0.7350543484375 0.6168478265624999 0.716032609375 0.59375 0.7065217390625 0.5896739125 0.6725543484375 0.5896739125 0.64266304375 0.596467390625 0.60733695625 0.6236413046875 0.5896739125 0.6684782609375 0.591032609375 0.6956521734375001 0.6127717390625 0.7173913046875 0.627717390625 0.7228260875 0.67391304375 0.7201086953125
0 0.6548913046875 0.51358695625 0.6711956515625 0.520380434375 0.6970108703125 0.5190217390625 0.7133152171875 0.510869565625 0.7269021734375001 0.4904891296875 0.729619565625 0.46875 0.71875 0.4103260875 0.70108695625 0.3804347828125 0.6888586953125 0.372282609375 0.6548913046875 0.364130434375 0.6154891296875 0.3790760875 0.5991847828125 0.40489130468749995 0.596467390625 0.42255434843749995 0.6032608703125 0.45652173906250004 0.627717390625 0.489130434375 0.6548913046875 0.51358695625
0 0.5326086953125 0.8315217390624999 0.58016304375 0.832880434375 0.5991847828125 0.8165760875 0.6263586953125 0.8111413046875 0.63858695625 0.7907608703125 0.635869565625 0.7554347828125 0.6263586953125 0.7309782609375 0.6059782609375 0.711956521875 0.5842391296875 0.70108695625 0.5543478265624999 0.70108695625 0.528532609375 0.711956521875 0.5040760875 0.73233695625 0.493206521875 0.752717390625 0.4904891296875 0.783967390625 0.497282609375 0.8057065218749999 0.51358695625 0.8220108703125 0.5326086953125 0.8315217390624999
0 0.54891304375 0.9565217390624999 0.58016304375 0.9538043484375001 0.6086956515625 0.9402173906250001 0.6304347828125 0.9116847828125 0.6372282609375 0.8817934781250001 0.635869565625 0.8627717390624999 0.627717390625 0.8505434781250001 0.614130434375 0.8383152171875 0.5978260875 0.832880434375 0.5190217390625 0.8369565218749999 0.502717390625 0.8451086953125 0.48233695625 0.8709239125 0.48097826093749996 0.8872282609375001 0.4918478265625 0.9279891296875 0.506793478125 0.9429347828125 0.54891304375 0.9565217390624999
0 0.45380434843749995 0.5747282609375 0.48369565156250005 0.5747282609375 0.5040760875 0.565217390625 0.520380434375 0.5434782609375 0.524456521875 0.5122282609375 0.5149456515625 0.479619565625 0.493206521875 0.45108695625 0.4741847828125 0.440217390625 0.440217390625 0.434782609375 0.4144021734375 0.444293478125 0.381793478125 0.4904891296875 0.3804347828125 0.506793478125 0.38858695625 0.5326086953125 0.42119565156250005 0.5638586953125 0.45380434843749995 0.5747282609375
0 0.533967390625 0.4592391296875 0.5638586953125 0.45108695625 0.5896739125 0.4320652171875 0.6127717390625 0.381793478125 0.6127717390625 0.36141304375 0.60733695625 0.341032609375 0.596467390625 0.32608695625 0.565217390625 0.3070652171875 0.53125 0.3002717390625 0.510869565625 0.309782609375 0.497282609375 0.3247282609375 0.48505434843749995 0.3423913046875 0.4728260875 0.3763586953125 0.471467390625 0.4157608703125 0.4769021734375 0.4334239125 0.497282609375 0.45108695625 0.533967390625 0.4592391296875
0 0.74559115 0.7943235359374999 0.744297621875 0.7490131718749999 0.7197190499999999 0.7244160578125001 0.67444284375 0.716648559375 0.6421026296875 0.7425401796875 0.6369281625000001 0.7736101703125 0.6304601671875 0.7995019078125 0.6550387390625 0.7878506609375 0.689966128125 0.7904397859375 0.7054894109375 0.8046801609375 0.704195765625 0.8318664015625 0.678323665625 0.8461068921875 0.6334109328124999 0.850802275 0.661506734375 0.8694093859375001 0.70031494375 0.856463515625 0.7326551593749999 0.8318664015625 0.74559115 0.7943235359374999
2 0.6860853078125 0.849990640625 0.7067829406249999 0.8253935265625 0.70031494375 0.7969126609375 0.675736371875 0.7865560375 0.6392339140625001 0.7906314671875 0.6252856999999999 0.8176260281250001 0.6291665203125001 0.8461068921875 0.6602130890625 0.8525797671875001 0.6860853078125 0.849990640625
0 0.5373204640625 0.1651562296875 0.572247853125 0.1483266109375 0.58259666875 0.113372871875 0.5657798578125 0.0784191328125 0.5373204640625 0.0525275140625 0.5036867218750001 0.0525275140625 0.47393368281250003 0.07065163437500001 0.4700528609375 0.108194559375 0.4584103984375 0.12243499218750001 0.45970404531250003 0.145737484375 0.47619043593750005 0.1695134546875 0.506273896875 0.1845749734375 0.5347332890625001 0.18328035 0.5373204640625 0.1651562296875
0 0.6472770984375 0.30238200000000004 0.6822044859374999 0.2816686921875 0.689966128125 0.23506370781250002 0.67444284375 0.19752078281250002 0.6330473421875 0.17162910468749998 0.595532778125 0.16386160624999999 0.6162305296875 0.2026990953125 0.5774223203125 0.2156449640625 0.5363612453125 0.194746375 0.53085246875 0.2298853375 0.552843746875 0.2751957578125 0.5929456046875 0.299792815625 0.6472770984375 0.30238200000000004
2 0.6045880671874999 0.169039978125 0.5838903156249999 0.150915796875 0.5363612453125 0.1675724625 0.5399076390624999 0.1962262203125 0.5709542062499999 0.2156449640625 0.6175240578125 0.2039937171875 0.6045880671874999 0.169039978125
0 0.54508210625 0.6985244374999999 0.5838903156249999 0.67651645 0.598119953125 0.645446459375 0.586477490625 0.6001360953125 0.5515501015625001 0.5716552312500001 0.512741890625 0.560003984375 0.47910814999999995 0.576833603125 0.454529578125 0.6079035921875 0.4548395046875 0.629528984375 0.47910814999999995 0.664865203125 0.5075675421875 0.6881676953125 0.54508210625 0.6985244374999999
0 0.6071752421875 0.5936632203125 0.648570625 0.5742444765625 0.6731491984375 0.5367014921875 0.65115791875 0.504336996875 0.6136432359375 0.471972384375 0.5748350265625 0.4577320125 0.538614109375 0.4706777625 0.5266562765625 0.5053053796875 0.5269716484375 0.5496473609375 0.5580182140625001 0.576833603125 0.6071752421875 0.5936632203125
1 0.6058815953125001 0.5069261234375 0.5787158484375 0.488802003125 0.5515501015625001 0.49268575156249994 0.5489629265625 0.5185773703125001 0.57129913125 0.54412525625 0.6084688875 0.5522364875 0.6252856999999999 0.5302286171875 0.6058815953125001 0.5069261234375
1 0.1712296453125 0.3904136609375 0.1893402234375 0.3671111671875 0.1983953921875 0.33215742812500004 0.17921838750000002 0.3150879890625 0.1492383671875 0.33474655468750003 0.1414767234375 0.3606382328125 0.1414767234375 0.3891190375 0.1712296453125 0.3904136609375
1 0.5489629265625 0.860347265625 0.5217971796875001 0.8655256375 0.5033643484375 0.89544513125 0.5412012859375 0.9160143703125 0.5670733859375 0.9056576296875001 0.58259666875 0.8719985124999999 0.5489629265625 0.860347265625
0 0.40537254999999994 0.6079035921875 0.41572136718749997 0.589779471875 0.40537254999999994 0.550941984375 0.3639771671875 0.5172827484375 0.3225816640625 0.5056315015624999 0.283773453125 0.5224611203125 0.2682501703125 0.5457636124999999 0.277305459375 0.578128225 0.29567801562499996 0.6081780515624999 0.3510410578125 0.635089834375 0.3911429125 0.6312060859375 0.40537254999999994 0.6079035921875