1 0.2866847828125 0.88858695625 0.3383152171875 0.875 0.36684782656250003 0.8532608703125 0.39266304375 0.79891304375 0.403532609375 0.7459239125 0.385869565625 0.7065217390625 0.332880434375 0.6915760875 0.305706521875 0.676630434375 0.274456521875 0.6752717390625 0.1752717390625 0.70108695625 0.0855978265625 0.756793478125 0.0815217390625 0.7663043484375 0.09646739062500001 0.778532609375 0.1263586953125 0.823369565625 0.1725543484375 0.8627717390624999 0.2173913046875 0.8817934781250001 0.2866847828125 0.88858695625
1 0.19836956562500002 0.444293478125 0.21875 0.4293478265625 0.24048912968749997 0.3804347828125 0.2445652171875 0.3274456515625 0.2173913046875 0.256793478125 0.190217390625 0.225543478125 0.1657608703125 0.211956521875 0.1508152171875 0.211956521875 0.127717390625 0.2269021734375 0.10461956562500001 0.252717390625 0.0855978265625 0.301630434375 0.086956521875 0.3559782609375 0.1059782609375 0.39673912968749997 0.12228260937499999 0.4144021734375 0.149456521875 0.43614130468749995 0.17391304375 0.4470108703125 0.19836956562500002 0.444293478125
1 0.6861413046875 0.2663043484375 0.7065217390625 0.2649456515625 0.7445652171875 0.21603260937500002 0.7486413046875 0.20108695625 0.7486413046875 0.16711956562500002 0.73233695625 0.1304347828125 0.6970108703125 0.0978260875 0.653532609375 0.0774456515625 0.6236413046875 0.073369565625 0.5679347828125 0.0815217390625 0.5665760875 0.11684782656249999 0.573369565625 0.14809782656249998 0.6127717390625 0.22146739062499998 0.6263586953125 0.23641304375 0.667119565625 0.25951087031250003 0.6861413046875 0.2663043484375
1 0.9035326093749999 0.3940217390625 0.9048913046875 0.3559782609375 0.8940217390624999 0.3179347828125 0.8695652171875 0.2798913046875 0.8192934781250001 0.23913043437499998 0.78125 0.22146739062499998 0.7730978265624999 0.2241847828125 0.7377717390625 0.33423912968749997 0.7377717390625 0.408967390625 0.778532609375 0.471467390625 0.8369565218749999 0.47010869531250005 0.8682065218749999 0.45108695625 0.895380434375 0.42119565156250005 0.9035326093749999 0.3940217390625
1 0.9279891296875 0.6725543484375 0.9442934781250001 0.6290760875 0.9429347828125 0.596467390625 0.917119565625 0.542119565625 0.88858695625 0.510869565625 0.8627717390624999 0.4918478265625 0.8519021734375001 0.493206521875 0.8288043484375001 0.5298913046875 0.8138586953125 0.5706521734375001 0.8125 0.627717390625 0.8192934781250001 0.65625 0.8315217390624999 0.6793478265624999 0.854619565625 0.6915760875 0.8899456515624999 0.6956521734375001 0.9279891296875 0.6725543484375
1 0.7404891296875 0.8668478265624999 0.7758152171875 0.8451086953125 0.792119565625 0.8274456515624999 0.8084239125 0.7975543484375 0.8206521734375001 0.752717390625 0.8179347828125 0.6915760875 0.788043478125 0.5978260875 0.770380434375 0.591032609375 0.7486413046875 0.600543478125 0.6834239125 0.6521739125 0.64266304375 0.7038043484375 0.625 0.7540760875 0.622282609375 0.8070652171875 0.63858695625 0.8423913046875 0.6521739125 0.8559782609375001 0.6820652171875 0.8682065218749999 0.7241847828125 0.8709239125 0.7404891296875 0.8668478265624999
1 0.5788043484375 0.9442934781250001 0.6263586953125 0.9293478265624999 0.6508152171875 0.9130434781250001 0.65625 0.9008152171875 0.6508152171875 0.8478260875 0.6263586953125 0.8070652171875 0.59375 0.7798913046875 0.5407608703125 0.752717390625 0.4633152171875 0.7269021734375001 0.4320652171875 0.7282608703125 0.41983695625 0.7445652171875 0.42255434843749995 0.8029891296875 0.434782609375 0.8478260875 0.457880434375 0.8913043484375001 0.48777173906250004 0.9211956515624999 0.51766304375 0.9375 0.5788043484375 0.9442934781250001
1 0.778532609375 0.591032609375 0.7934782609375 0.5543478265624999 0.7934782609375 0.5122282609375 0.7798913046875 0.466032609375 0.747282609375 0.4144021734375 0.7228260875 0.4116847828125 0.6929347828125 0.430706521875 0.6644021734375001 0.46739130468749995 0.6521739125 0.5 0.6521739125 0.5570652171875 0.6820652171875 0.60733695625 0.694293478125 0.614130434375 0.73233695625 0.6154891296875 0.7540760875 0.6086956515625 0.778532609375 0.591032609375
1 0.16440217343750002 0.70516304375 0.24728260937500002 0.6915760875 0.25951087031250003 0.6820652171875 0.278532609375 0.6263586953125 0.2771739125 0.586956521875 0.260869565625 0.5529891296875 0.2024456515625 0.48505434843749995 0.1440217390625 0.4456521734375 0.10869565156250001 0.4279891296875 0.0923913046875 0.42527173906250004 0.07608695625 0.4334239125 0.069293478125 0.444293478125 0.059782609375 0.493206521875 0.058423912499999994 0.5679347828125 0.06521739062500001 0.6059782609375 0.08016304375 0.6480978265624999 0.09646739062500001 0.667119565625 0.1290760875 0.690217390625 0.16440217343750002 0.70516304375
1 0.5502717390625 0.225543478125 0.5625 0.20108695625 0.5638586953125 0.1603260875 0.5461956515625 0.12364130468750001 0.5353260875 0.11141304375000001 0.48505434843749995 0.0855978265625 0.4415760875 0.0788043484375 0.42391304375 0.11413043437499999 0.4144021734375 0.14809782656249998 0.4144021734375 0.184782609375 0.4320652171875 0.23641304375 0.461956521875 0.252717390625 0.4959239125 0.260869565625 0.5258152171875 0.2554347828125 0.5502717390625 0.225543478125
1 0.35326087031250003 0.319293478125 0.38315217343749997 0.3084239125 0.399456521875 0.2798913046875 0.4116847828125 0.23913043437499998 0.4103260875 0.2024456515625 0.3899456515625 0.1603260875 0.36684782656250003 0.1399456515625 0.3383152171875 0.125 0.2853260875 0.1127717390625 0.24048912968749997 0.11684782656249999 0.21467391249999998 0.12364130468750001 0.20788043437499998 0.1304347828125 0.2065217390625 0.1616847828125 0.21467391249999998 0.1888586953125 0.23641304375 0.22961956562500002 0.270380434375 0.27309782656250003 0.288043478125 0.288043478125 0.35326087031250003 0.319293478125
1 0.5434782609375 0.48097826093749996 0.5679347828125 0.457880434375 0.5896739125 0.42527173906250004 0.5883152171875 0.3804347828125 0.5679347828125 0.33016304375 0.5298913046875 0.2853260875 0.48369565156250005 0.256793478125 0.4320652171875 0.2418478265625 0.41983695625 0.2418478265625 0.4144021734375 0.2540760875 0.4103260875 0.341032609375 0.4157608703125 0.3695652171875 0.4334239125 0.4116847828125 0.4918478265625 0.4782608703125 0.5013586953125 0.48369565156250005 0.5434782609375 0.48097826093749996
1 0.3790760875 0.5081521734375001 0.39809782656250003 0.48097826093749996 0.408967390625 0.4470108703125 0.40760869531250005 0.40489130468749995 0.38451087031250003 0.35190217343749997 0.346467390625 0.309782609375 0.3070652171875 0.292119565625 0.28940217343749997 0.3002717390625 0.25951087031250003 0.3600543484375 0.243206521875 0.42527173906250004 0.2418478265625 0.4646739125 0.25 0.506793478125 0.274456521875 0.5407608703125 0.3002717390625 0.555706521875 0.319293478125 0.54891304375 0.3790760875 0.5081521734375001
1 0.7350543484375 0.40489130468749995 0.7377717390625 0.364130434375 0.725543478125 0.3125 0.6970108703125 0.274456521875 0.6467391296875 0.2418478265625 0.6304347828125 0.2377717390625 0.600543478125 0.26358695625 0.5883152171875 0.2866847828125 0.5815217390625 0.3247282609375 0.5855978265624999 0.3790760875 0.6019021734375001 0.41983695625 0.618206521875 0.43614130468749995 0.6711956515625 0.448369565625 0.6834239125 0.444293478125 0.7350543484375 0.40489130468749995
1 0.37561962968749996 0.6985244374999999 0.43383194375 0.6868731921875 0.47652097343750005 0.6325007078125 0.4959250796875 0.5807173515625 0.502393075 0.5302286171875 0.47813143125 0.47424947968750003 0.382087625 0.504336996875 0.32387530937500003 0.5354069875 0.286360746875 0.591073975 0.286360746875 0.6441519546875 0.3070583796875 0.6726327000000001 0.37561962968749996 0.6985244374999999
1 0.6809108390625 0.6506248296875 0.6718555515625 0.59754696875 0.6472770984375 0.5535311093749999 0.6110560625 0.514693621875 0.5580182140625001 0.4875073796875 0.5130693187500001 0.48977743125 0.4946314328125 0.591073975 0.5101547171874999 0.6622760765625 0.54249493125 0.7153539375 0.5942391312499999 0.733478178125 0.6537450921875 0.697229815625 0.6809108390625 0.6506248296875