0 0.4647058828125 0.8088235296875 0.5014705875 0.817647059375 0.5529411765625001 0.817647059375 0.582352940625 0.813725490625 0.6220588234375 0.79607843125 0.6352941171875 0.7725490203125001 0.6529411765625001 0.701960784375 0.6470588234375 0.690196078125 0.619117646875 0.665686275 0.580882353125 0.65392156875 0.5264705875 0.6549019609375 0.45147058749999996 0.6774509796875 0.42352941250000004 0.701960784375 0.4205882359375 0.71960784375 0.4279411765625 0.7617647062499999 0.44558823593749997 0.7970588234375 0.4647058828125 0.8088235296875
0 0.3294117640625 0.7392156859375001 0.405882353125 0.715686275 0.42352941250000004 0.7049019609375 0.444117646875 0.6833333328125 0.4397058828125 0.6421568625 0.41323529375 0.5852941171875 0.3970588234375 0.5725490203125 0.330882353125 0.578431371875 0.2602941171875 0.5911764703125 0.23676470625 0.6078431375 0.2220588234375 0.6372549015625 0.225 0.7068627453125 0.23676470625 0.721568628125 0.27352941249999996 0.7392156859375001 0.3294117640625 0.7392156859375001
0 0.275 0.5774509796875 0.330882353125 0.578431371875 0.36911764687500004 0.56960784375 0.392647059375 0.5568627453125 0.425 0.5205882359375 0.4264705875 0.5009803921875 0.41323529375 0.4735294125 0.4088235296875 0.448039215625 0.38676470625000003 0.42941176406250003 0.3661764703125 0.4225490203125 0.28676470625 0.417647059375 0.2647058828125 0.41960784375 0.23676470625 0.42941176406250003 0.21911764687500002 0.44117647031249996 0.2 0.4588235296875 0.1897058828125 0.4764705875 0.18823529375 0.509803921875 0.2044117640625 0.54607843125 0.22647058750000001 0.5627450984375 0.275 0.5774509796875
0 0.2279411765625 0.4254901953125 0.3455882359375 0.41078431406249993 0.38676470625000003 0.382352940625 0.4 0.355882353125 0.3970588234375 0.315686275 0.382352940625 0.2892156859375 0.36911764687500004 0.2754901953125 0.342647059375 0.2647058828125 0.294117646875 0.265686275 0.2720588234375 0.27352941249999996 0.23529411718749998 0.2774509796875 0.2029411765625 0.28823529375 0.1779411765625 0.3049019609375 0.1602941171875 0.328431371875 0.157352940625 0.35490196093750004 0.16176470625 0.36960784375 0.1911764703125 0.405882353125 0.2279411765625 0.4254901953125
0 0.4852941171875 0.30882352968750004 0.5352941171875 0.2990196078125 0.6088235296875 0.3009803921875 0.6441176468750001 0.27450980468749997 0.6573529406249999 0.2509803921875 0.6573529406249999 0.232352940625 0.6411764703125 0.2078431375 0.6029411765625 0.16960784375 0.58823529375 0.159803921875 0.5705882359375 0.1549019609375 0.5220588234375 0.1568627453125 0.4544117640625 0.1735294125 0.4205882359375 0.1990196078125 0.4044117640625 0.22450980468749998 0.40735294062499994 0.2588235296875 0.444117646875 0.31176470625 0.455882353125 0.30784313750000003 0.4852941171875 0.30882352968750004
0 0.5073529406249999 0.44607843125 0.557352940625 0.45294117656250005 0.6102941171875 0.4490196078125 0.6338235296875 0.43823529375000003 0.6794117640625 0.4068627453125 0.6852941171875 0.3607843140625 0.6779411765625001 0.3411764703125 0.6514705875 0.3147058828125 0.6147058828125 0.3 0.5161764703125 0.2990196078125 0.469117646875 0.3127450984375 0.4485294125 0.3264705875 0.44264705937500004 0.33627450937500003 0.44117647031249996 0.3686274515625 0.45147058749999996 0.4078431375 0.4705882359375 0.43137254843750006 0.5073529406249999 0.44607843125
0 0.4102941171875 0.5588235296875 0.41323529375 0.5803921562500001 0.44264705937500004 0.6049019609374999 0.46323529375000005 0.6107843140625 0.4852941171875 0.63039215625 0.5088235296875 0.640196078125 0.5485294125 0.648039215625 0.5897058828125 0.6441176468750001 0.6455882359375 0.6225490203125 0.6794117640625 0.598039215625 0.6897058828125 0.5705882359375 0.6897058828125 0.548039215625 0.682352940625 0.5323529406249999 0.630882353125 0.49607843125000006 0.582352940625 0.4754901953125 0.544117646875 0.47450980468750004 0.5044117640625 0.48235294062499995 0.457352940625 0.5029411765625 0.4352941171875 0.5245098046875001 0.43382352968750004 0.5421568625 0.4264705875 0.5509803921875001 0.417647059375 0.5519607843750001 0.4102941171875 0.5588235296875
0 0.7411764703125 0.54607843125 0.7735294125000001 0.54607843125 0.8441176468749999 0.5254901953125 0.8661764703125 0.5107843140624999 0.8852941171875001 0.48235294062499995 0.8838235296875 0.46176470625 0.85 0.417647059375 0.8338235296875001 0.4078431375 0.7985294125 0.39607843125 0.7617647062499999 0.394117646875 0.6897058828125 0.40294117656250006 0.6441176468750001 0.43039215625000005 0.6352941171875 0.45 0.6338235296875 0.4705882359375 0.65 0.5068627453125 0.7014705875 0.5352941171875 0.7411764703125 0.54607843125
0 0.7338235296875 0.305882353125 0.76323529375 0.30784313750000003 0.8235294124999999 0.3009803921875 0.8426470593750001 0.294117646875 0.8647058828124999 0.2794117640625 0.8794117640625 0.259803921875 0.8838235296875 0.24019607812500002 0.8661764703125 0.1950980390625 0.8514705875 0.1764705875 0.81323529375 0.1549019609375 0.7602941171875 0.1490196078125 0.7102941171875 0.1568627453125 0.6705882359374999 0.1735294125 0.6455882359375 0.2 0.655882353125 0.25392156875 0.6705882359374999 0.278431371875 0.694117646875 0.2931372546875 0.7338235296875 0.305882353125
0 1 0.2931372546875 0.98676470625 0.2872549015625 0.93823529375 0.2754901953125 0.8779411765624999 0.278431371875 0.817647059375 0.3049019609375 0.792647059375 0.35 0.7911764703124999 0.36666666718749996 0.8029411765625 0.394117646875 0.8647058828124999 0.42941176406250003 0.9352941171875001 0.434313725 1 0.4166666671875 1 0.2931372546875
0 1 0.509803921875 0.96176470625 0.5009803921875 0.88823529375 0.5068627453125 0.855882353125 0.5245098046875001 0.830882353125 0.5607843140625 0.8294117640625001 0.5774509796875 0.86176470625 0.5950980390625 0.8867647062499999 0.6529411765625001 0.9661764703125 0.6696078437499999 1 0.6578431375 1 0.509803921875
0 0.680882353125 0.7264705874999999 0.7235294125 0.740196078125 0.8 0.7411764703125 0.83676470625 0.728431371875 0.86176470625 0.7078431375 0.8779411765624999 0.6852941171875 0.8867647062499999 0.6274509796875 0.8779411765624999 0.5990196078125 0.8691176468749999 0.58823529375 0.8485294124999999 0.5764705875 0.8161764703125 0.5745098046875 0.7823529406249999 0.5666666671875 0.6955882359375 0.5666666671875 0.6264705875 0.6450980390625001 0.625 0.6666666671875 0.6338235296875 0.6872549015625 0.65 0.705882353125 0.680882353125 0.7264705874999999
1 0.2829078359375 0.3819730625 0.32407193125 0.3623563234375 0.330392096875 0.3163398671875 0.2789875046875 0.31004503906249997 0.23782340937500002 0.3348928875 0.224101984375 0.37151078125 0.2829078359375 0.3819730625
1 0.57889735 0.2224235640625 0.520091496875 0.21457686874999998 0.47892740156249997 0.2263469125 0.48333327343750004 0.265359475 0.5318526671875 0.26427262812499996 0.5671361796875 0.25119482187500003 0.57889735 0.2224235640625
1 0.9454538875 0.32835395625 0.9042897890624999 0.3231228453125 0.8656862140625 0.34183006250000003 0.8944886953125 0.3754341296875 0.935652790625 0.3767419515625 0.9768168875000001 0.3571252125 0.9454538875 0.32835395625
1 0.3593554421875 0.48267234375 0.3162312703125 0.46436342656249996 0.25546516406249997 0.46567112968749996 0.2274509203125 0.5006535921874999 0.2633060046875 0.52321364375 0.30054959062500003 0.52844469375 0.3515147828125 0.5035969046875 0.3593554421875 0.48267234375
1 0.794518746875 0.6239128640625 0.75531490625 0.6239128640625 0.718627390625 0.633986925 0.7494343203125 0.6723008609375001 0.794518746875 0.6762242078125 0.8298022578124999 0.6526841218749999 0.794518746875 0.6239128640625
1 0.551454678125 0.5846793859375 0.59457885 0.5598314765625 0.6009803328125 0.532026140625 0.5357729984375 0.5245213453125 0.48284773124999997 0.5519847812500001 0.48284773124999997 0.5781405125 0.551454678125 0.5846793859375