0 0.6455223875 0.2013333328125 0.6865671640625 0.18 0.7014925375 0.16399999999999998 0.7014925375 0.1413333328125 0.6828358203125 0.11333333281249999 0.6511194031249999 0.096 0.6119402984375 0.09733333281249999 0.5876865671875 0.10400000000000001 0.5634328359375 0.1186666671875 0.5485074625 0.1426666671875 0.5466417906250001 0.1666666671875 0.55597015 0.1906666671875 0.5988805968750001 0.2053333328125 0.6455223875 0.2013333328125
0 0.3544776125 0.4773333328125 0.3955223875 0.4533333328125 0.429104478125 0.45599999999999996 0.4179104484375 0.4066666671875 0.39925373125 0.384 0.3675373140625 0.364 0.3432835828125 0.3573333328125 0.3171641796875 0.3586666671875 0.2835820890625 0.376 0.26679104531250003 0.3973333328125 0.2686567171875 0.4306666671875 0.2854477609375 0.45466666718750004 0.3097014921875 0.47066666718750005 0.3544776125 0.4773333328125
0 0.1828358203125 0.42400000000000004 0.1865671640625 0.3946666671875 0.17723880625 0.38 0.151119403125 0.3653333328125 0.10261194062500001 0.3653333328125 0.10447761250000001 0.47466666718750006 0.123134328125 0.476 0.14925373125000002 0.46399999999999997 0.1828358203125 0.42400000000000004
0 0.1959868296875 0.5755898515625 0.1604607984375 0.5755898515625 0.1426979453125 0.567967346875 0.1267112796875 0.540018125 0.12315857968749999 0.5146098171875 0.0995024328125 0.5130158703125 0.10539572500000001 0.6048094140625 0.1515793734375 0.5997278203125 0.1959868296875 0.5755898515625
0 0.1921641796875 0.5786666671875 0.2313432828125 0.5706666671875 0.255597015625 0.5586666671875 0.277985075 0.532 0.277985075 0.5133333328125 0.2686567171875 0.49866666718749997 0.25373134375 0.488 0.2313432828125 0.48266666718750006 0.1623134328125 0.488 0.1380597015625 0.49866666718749997 0.11940298437500001 0.5173333328124999 0.11940298437500001 0.536 0.1324626859375 0.5626666671875 0.152985075 0.5786666671875 0.1921641796875 0.5786666671875
0 0.2705223875 0.4933333328125 0.2835820890625 0.4733333328125 0.2835820890625 0.45199999999999996 0.27425373125 0.43600000000000005 0.2406716421875 0.4146666671875 0.1902985078125 0.41733333281249996 0.1623134328125 0.4373333328125 0.152985075 0.45599999999999996 0.151119403125 0.48 0.1604477609375 0.49066666718749996 0.248134328125 0.488 0.2705223875 0.4933333328125
0 0.4832089546875 0.5306666671875 0.48694029843750003 0.5093333328125 0.477611940625 0.4893333328125 0.453358209375 0.4693333328125 0.429104478125 0.45866666718750004 0.38805970156249997 0.4613333328125 0.347014925 0.492 0.347014925 0.5266666671875 0.380597015625 0.5533333328125 0.4384328359375 0.5586666671875 0.4832089546875 0.5306666671875
0 0.38432835781249997 0.6706666671875 0.4104477609375 0.6679999999999999 0.449626865625 0.6533333328125 0.46828358281250004 0.636 0.47014925312500006 0.5933333328125 0.46268656718749995 0.576 0.44776119375 0.5653333328125 0.3899253734375 0.5546666671875 0.3675373140625 0.5559999999999999 0.347014925 0.5653333328125 0.31902985 0.5933333328125 0.3134328359375 0.6253333328124999 0.32649253749999996 0.6506666671875 0.345149253125 0.6639999999999999 0.38432835781249997 0.6706666671875
0 0.2705223875 0.6986666671874999 0.304104478125 0.6893333328125 0.324626865625 0.6706666671875 0.320895521875 0.632 0.3097014921875 0.616 0.2873134328125 0.6013333328125 0.220149253125 0.592 0.1902985078125 0.6013333328125 0.1679104484375 0.6213333328124999 0.171641790625 0.6773333328125 0.175373134375 0.6853333328125 0.199626865625 0.6986666671874999 0.2705223875 0.6986666671874999
0 0.7108208953124999 0.8560000000000001 0.7313432828125 0.8533333328125 0.7593283578125 0.8386666671875 0.7705223875 0.8146666671875 0.7705223875 0.784 0.7630597015625 0.768 0.74626865625 0.7546666671875 0.68097015 0.7413333328125 0.6380597015625 0.7546666671875 0.6156716421875 0.776 0.6175373140625 0.8213333328125 0.6380597015625 0.8493333328125001 0.6623134328125 0.8560000000000001 0.7108208953124999 0.8560000000000001
0 0.348748246875 0.5501815421875 0.33631411875 0.520961865625 0.30078825 0.49936480781250003 0.26526238125 0.5019056046875 0.2759201578125 0.5247731171875001 0.26348603125 0.555263134375 0.21943846875 0.5739682515625 0.24927571718750002 0.59591656875 0.291906825 0.590834859375 0.32743269375 0.5794011046875001 0.348748246875 0.5501815421875